%YAML:1.0
---
K: !!opencv-matrix
   rows: 3
   cols: 3
   dt: d
   data: [ 886.92812495838211, 0., 657.03186691091162, 0.,
       885.15772985851652, 406.15154355901586, 0., 0., 1. ]
D: !!opencv-matrix
   rows: 1
   cols: 5
   dt: d
   data: [ -0.40260054593023004, 0.21599436136033362,
       -7.5141857127784741e-05, -0.00078485506932406482,
       -0.076036622446018887 ]
